4
12
14
18
21
24
26
28
32
34
35
38
42
46
47
49
56
60
61
65
66
69
70
71
73
77
81
91
95
98
102
104
106
109
110
113
117
127
129
130
135
142
144
146
150
151
152
161
162
173
174
191
193
194
202
205
210
214
220
232
234
249
252
253
256
272
280
281
287
288
289
291
306
307
313
315
317
321
323
330
348
350
351
354
359
361
366
371
377
380
385
394
396
399
404
406
409
418
419
421
427
428
429
431
440
445
446
447
458
465
466
486
487
492
493
497
499
505
506
515
517
519
528
530
532
533
536
541
558
566
567
571
572
576
581
595
598
601
607
613
618
623
635
640
646
647
657
659
674
680
684
685
690
696
699
704
707
708
716
719
720
728
732
738
742
744
748
755
758
759
762
774
778
781
783
785
789
795
801
802
803
809
815
816
821
829
835
838
841
844
848
858
865
873
874
877
887
893
895
898
906
921
922
939
946
952
957
959
964
967
975
977
1001
1003
1016
1023
1032
1033
1037
1042
1047
1053
1060
1061
1063
1074
1078
1083
1084
1086
1088
1089
1095
1096
1100
1101
1105
1107
1113
1118
1128
1133
1141
1146
1151
1154
1169
1175
1184
1192
1201
1202
1209
1213
1214
1225
1227
1230
1233
1237
1245
1250
1252
1258
1265
1268
1271
1273
1275
1277
1284
1285
1286
1289
1297
1306
1312
1313
1315
1319
1321
1324
1325
1337
1346
1347
1348
1365
1368
1375
1377
1385
1389
1390
1395
1397
1402
1406
1420
1426
1429
1433
1444
1457
1458
1461
1467
1482
1483
1489
1491
1493
1497
1511
1514
1515
1523
1526
1538
1541
1544
1545
1568
1581
1582
1586
1592
1593
1594
1595
1596
1600
1602
1619
1622
1626
1631
1633
1639
1648
1650
1652
1666
1668
1671
1674
1678
1679
1684
1686
1694
1698
1700
1701
1703
1704
1707
1709
1717
1720
1725
1730
1731
1732
1734
1746
1748
1751
1752
1753
1756
1762
1764
1766
1769
1776
1777
1788
1790
1792
1800
1801
1814
1816
1819
1821
1829
1840
1850
1851
1865
1866
1876
1877
1891
1897
1920
1925
1926
1930
1932
1933
1934
1937
1944
1946
1947
1951
1956
1961
1966
1967
1968
1970
1974
1977
1982
1985
1991
1993
1995
1996
2002
2009
2018
2023
2025
2026
2027
2033
2039
2042
2043
2051
2069
2073
2075
2080
2098
2099
2129
2134
2137
2140
2143
2152
2157
2158
2164
2170
2171
2180
2182
2185
2186
2187
2188
2192
2194
2199
2204
2208
2209
2211
2214
2228
2231
2246
2247
2252
2263
2265
2267
2276
2280
2290
2294
2297
2309
2310
2322
2325
2331
2336
2342
2346
2347
2358
2368
2379
2396
2397
2400
2407
2411
2412
2418
2419
2423
2429
2434
2436
2441
2443
2444
2445
2450
2452
2453
2454
2455
2456
2458
2459
2465
2467
2468
2474
2494
2498
2507
2517
2518
2526
2528
2530
2533
2544
2548
2551
2552
2564
2571
2586
2590
2591
2592
2601
2607
2613
2616
2626
2630
2632
2641
2644
2646
2650
2652
2654
2667
2668
2669
2670
2671
2674
2677
2678
2685
2687
2702
2709
2715
2722
2723
2724
2733
2739
2740
2744
2749
2763
2764
2766
2771
2776
2782
2786
2787
2789
2792
2793
2794
2798
2799
2802
2811
2816
2821
2823
2827
2833
2841
2843
2850
2853
2854
2857
2859
2862
2870
2872
2876
2880
2882
2884
2886
2887
2889
2894
2911
2913
2917
2922
2927
2931
2938
2949
2958
2960
2966
2972
2975
2977
2982
2984
2986
2987
2997
2998
2999
3001
3007
3010
3013
3014
3020
3023
3036
3037
3040
3042
3043
3050
3061
3063
3066
3068
3074
3080
3084
3087
3091
3093
3099
3104
3106
3110
3116
3122
3128
3129
3130
3139
3144
3147
3148
3151
3158
3162
3168
3172
3181
3187
3195
3200
3205
3207
3210
3211
3213
3224
3226
3239
3242
3248
3250
3254
3258
3261
3264
3269
3271
3272
3276
3286
3299
3302
3316
3319
3325
3329
3332
3336
3337
3341
3342
3345
3350
3355
3361
3364
3368
3369
3371
3372
3378
3382
3385
3389
3391
3394
3395
3402
3407
3410
3411
3421
3427
3428
3432
3433
3439
3445
3470
3483
3484
3485
3486
3493
3497
3498
3508
3509
3512
3513
3515
3522
3529
3535
3540
3542
3545
3555
3556
3559
3565
3571
3574
3578
3581
3589
3592
3595
3598
3602
3604
3616
3617
3624
3626
3632
3641
3645
3649
3650
3653
3662
3666
3674
3675
3676
3681
3683
3695
3700
3708
3717
3730
3731
3736
3737
3743
3745
3754
3759
3760
3761
3764
3769
3770
3773
3774
3777
3779
3790
3794
3799
3802
3810
3815
3817
3822
3825
3829
3830
3832
3834
3836
3847
3850
3855
3858
3866
3871
3876
3879
3880
3883
3884
3887
3891
3892
3896
3913
3914
3915
3917
3918
3933
3935
3939
3941
3951
3955
3956
3957
3961
3978
3981
3984
3985
3996
4005
4008
4010
4015
4019
4023
4024
4025
4029
4033
4035
4053
4070
4082
4087
4091
4096
4102
4103
4106
4112
4113
4114
4122
4130
4132
4133
4135
4136
4137
4142
4144
4150
4154
4167
4168
4169
4170
4175
4178
4185
4193
4195
4197
4201
4213
4225
4233
4242
4246
4249
4251
4253
4260
4270
4278
4279
4280
4290
4297
4305
4309
4315
4321
4323
4324
4327
4330
4338
4341
4352
4354
4355
4356
4364
4367
4368
4370
4371
4373
4375
4381
4391
4415
4416
4421
4422
4429
4437
4441
4445
4457
4458
4481
4484
4492
4495
4496
4497
4504
4505
4506
4527
4530
4539
4542
4546
4547
4548
4561
4564
4576
4582
4584
4586
4587
4593
4595
4601
4602
4606
4609
4612
4616
4617
4634
4644
4648
4649
4653
4657
4658
4659
4664
4679
4683
4688
4689
4694
4697
4698
4702
4703
4709
4711
4712
4716
4717
4720
4728
4732
4733
4736
4738
4743
4751
4753
4759
4767
4782
4786
4787
4790
4791
4794
4795
4798
4820
4821
4823
4828
4829
4854
4865
4866
4868
4871
4874
4890
4896
4897
4898
4900
4908
4910
4912
4922
4934
4936
4937
4938
4939
4940
4947
4952
4954
4957
4959
4961
4968
4970
4971
4979
4987
4988
4989
4996
5002
5014
5020
5023
5025
5029
5030
5035
5042
5045
5047
5049
5052
5056
5059
5061
5064
5073
5079
5080
5081
5083
5089
5091
5094
5097
5099
5102
5122
5123
5129
5133
5138
5139
5145
5147
5152
5157
5158
5177
5180
5185
5192
5198
5199
5205
5207
5212
5214
5221
5223
5230
5234
5238
5243
5244
5245
5246
5248
5249
5252
5253
5256
5260
5265
5266
5270
5279
5283
5285
5293
5298
5299
5303
5304
5306
5315
5321
5325
5335
5338
5341
5351
5353
5356
5361
5364
5384
5391
5392
5405
5410
5413
5419
5424
5437
5447
5461
5462
5467
5471
5479
5487
5488
5493
5494
5499
5502
5505
5511
5512
5514
5523
5534
5545
5547
5548
5556
5563
5566
5569
5573
5575
5597
5601
5605
5620
5621
5627
5629
5630
5632
5636
5655
5658
5663
5668
5670
5671
5674
5687
5688
5690
5698
5700
5706
5713
5714
5721
5729
5735
5736
5737
5740
5745
5746
5747
5750
5751
5757
5763
5777
5781
5794
5795
5800
5829
5837
5840
5842
5848
5854
5855
5856
5859
5864
5867
5868
5878
5879
5886
5888
5898
5899
5908
5909
5918
5925
5929
5934
5945
5950
5954
5959
5960
5962
5967
5972
5979
5980
5982
5991
5993
6002
6007
6011
6012
6016
6020
6023
6024
6039
6041
6044
6047
6048
6049
6054
6058
6060
6063
6064
6066
6086
6088
6091
6096
6103
6105
6108
6110
6111
6118
6127
6130
6131
6133
6138
6143
6161
6165
6166
6174
6178
6186
6187
6192
6193
6196
6201
6203
6206
6221
6223
6224
6225
6233
6238
6240
6242
6244
6248
6250
6252
6253
6267
6271
6275
6277
6278
6283
6292
6294
6298
6299
6304
6306
6307
6309
6312
6316
6317
6322
6324
6329
6338
6341
6346
6349
6362
6367
6378
6381
6390
6393
6406
6407
6417
6448
6453
6456
6460
6461
6462
6466
6467
6469
6471
6479
6480
6487
6489
6490
6491
6525
6528
6543
6547
6550
6555
6562
6566
6583
6584
6591
6594
6596
6598
6604
6608
6612
6613
6619
6620
6621
6622
6627
6629
6632
6639
6642
6646
6647
6656
6665
6672
6674
6677
6679
6687
6691
6699
6706
6709
6713
6722
6725
6727
6731
6735
6754
6757
6763
6765
6768
6769
6776
6783
6784
6790
6794
6797
6807
6811
6823
6835
6836
6841
6853
6855
6859
6861
6869
6871
6873
6876
6880
6884
6888
6892
6896
6905
6916
6924
6926
6935
6937
6942
6948
6949
6951
6966
6967
6968
6969
6973
6977
6980
6983
6988
6990
6992
6997
6998
7023
7030
7032
7033
7034
7035
7041
7044
7050
7053
7065
7071
7073
7075
7080
7082
7084
7091
7094
7101
7106
7108
7116
7133
7134
7135
7139
7143
7146
7149
7150
7155
7158
7163
7170
7171
7174
7179
7180
7181
7183
7190
7193
7195
7208
7210
7219
7220
7221
7223
7227
7235
7240
7241
7242
7244
7254
7261
7264
7275
7279
7283
7289
7291
7294
7298
7300
7302
7304
7308
7309
7310
7323
7326
7328
7333
7336
7338
7340
7360
7361
7374
7380
7383
7385
7392
7394
7402
7405
7407
7410
7414
7418
7423
7425
7428
7438
7442
7453
7462
7475
7479
7480
7491
7494
7500
7507
7512
7519
7520
7523
7524
7526
7533
7545
7547
7548
7563
7570
7575
7577
7578
7579
7582
7586
7590
7596
7598
7602
7606
7609
7612
7618
7625
7627
7628
7629
7635
7638
7645
7650
7651
7669
7675
7676
7681
7686
7688
7692
7693
7700
7702
7703
7709
7710
7714
7717
7733
7734
7736
7737
7744
7748
7757
7759
7764
7776
7782
7792
7796
7797
7798
7799
7801
7804
7805
7807
7808
7809
7813
7815
7820
7829
7830
7840
7843
7844
7846
7850
7852
7857
7859
7860
7864
7868
7871
7878
7884
7887
7889
7891
7894
7901
7904
7906
7907
7910
7911
7914
7919
7928
7929
7934
7946
7954
7956
7959
7965
7970
7972
7975
7982
7985
7987
7992
7993
8001
8003
8008
8027
8042
8043
8047
8050
8052
8055
8058
8059
8060
8063
8068
8075
8079
8085
8095
8096
8102
8105
8111
8112
8113
8117
8122
8123
8125
8127
8129
8134
8140
8142
8143
8144
8147
8157
8160
8161
8163
8174
8176
8177
8184
8185
8194
8199
8202
8205
8215
8224
8225
8227
8230
8236
8252
8253
8256
8258
8267
8275
8285
8286
8288
8289
8290
8297
8298
8300
8303
8311
8313
8314
8315
8321
8322
8326
8329
8339
8341
8342
8347
8352
8354
8358
8361
8363
8365
8366
8377
8379
8384
8386
8404
8407
8413
8416
8417
8419
8421
8425
8427
8429
8432
8433
8436
8441
8446
8448
8449
8455
8456
8466
8468
8480
8487
8495
8497
8498
8504
8509
8510
8515
8525
8528
8536
8541
8544
8545
8549
8554
8559
8563
8564
8566
8567
8571
8582
8584
8600
8603
8608
8611
8621
8626
8631
8632
8638
8642
8649
8651
8652
8660
8661
8669
8672
8674
8675
8676
8679
8683
8687
8698
8700
8705
8714
8715
8717
8720
8723
8724
8726
8727
8730
8732
8734
8738
8739
8741
8744
8748
8756
8765
8769
8780
8785
8791
8798
8800
8810
8820
8821
8833
8836
8843
8848
8851
8854
8865
8878
8887
8889
8891
8902
8903
8905
8906
8911
8915
8927
8928
8931
8934
8938
8950
8955
8956
8959
8966
8969
8971
8974
8976
8980
8981
8985
8996
9000
9001
9021
9024
9032
9035
9036
9037
9040
9041
9043
9048
9050
9052
9059
9063
9070
9072
9074
9075
9086
9093
9095
9096
9102
9108
9109
9118
9120
9124
9125
9127
9140
9141
9142
9147
9148
9155
9166
9167
9171
9173
9176
9181
9182
9184
9185
9198
9202
9204
9213
9222
9223
9224
9226
9234
9236
9239
9243
9244
9246
9261
9262
9263
9265
9277
9279
9285
9287
9297
9299
9301
9308
9319
9323
9324
9325
9329
9334
9343
9347
9349
9351
9360
9366
9368
9370
9374
9377
9383
9392
9393
9394
9396
9399
9407
9408
9410
9416
9417
9418
9424
9427
9429
9450
9455
9459
9465
9467
9468
9474
9476
9479
9502
9515
9520
9528
9530
9535
9541
9544
9551
9553
9554
9557
9559
9561
9562
9563
9565
9567
9568
9569
9570
9571
9573
9576
9580
9584
9588
9590
9593
9595
9604
9609
9616
9619
9623
9625
9626
9627
9636
9637
9649
9653
9654
9657
9667
9669
9673
9678
9680
9681
9693
9696
9701
9713
9718
9724
9726
9730
9732
9737
9738
9740
9741
9755
9756
9758
9765
9766
9770
9777
9784
9787
9790
9793
9794
9795
9798
9806
9809
9818
9820
9821
9822
9830
9832
9833
9841
9845
9848
9852
9865
9868
9869
9873
9874
9875
9878
9879
9882
9886
9890
9902
9906
9914
9916
9918
9919
9921
9924
9931
9944
9946
9949
9950
9951
9958
9963
9976
9982
9990
9993
9995
10010
10011
10020
10022
10025
10027
10034
10037
10038
10040
10052
10056
10059
10067
10071
10073
10084
10088
10091
10092
10095
10097
10098
10099
10109
10114
10116
10119
10120
10125
10127
10132
10134
10137
10161
10164
10165
10170
10177
10179
10184
10186
10189
10190
10192
10205
10209
10212
10215
10217
10221
10224
10232
10234
10243
10244
10246
10249
10250
10257
10261
10262
10267
10274
10281
10289
10290
10301
10304
10312
10319
10323
10324
10325
10327
10330
10331
10349
10352
10358
10366
10368
10372
10373
10376
10380
10381
10399
10413
10415
10418
10423
10424
10425
10426
10456
10462
10466
10467
10484
10485
10497
10505
10506
10510
10511
10512
10513
10530
10538
10544
10546
10547
10554
10556
10562
10565
10567
10568
10572
10573
10576
10587
10593
10598
10602
10605
10608
10616
10624
10625
10630
10634
10639
10646
10654
10655
10656
10659
10660
10677
10678
10681
10682
10695
10702
10704
10705
10708
10713
10718
10719
10722
10742
10752
10753
10755
10768
10770
10780
10783
10785
10787
10790
10792
10800
10808
10814
10816
10826
10827
10837
10839
10859
10864
10866
10868
10870
10875
10880
10903
10909
10913
10920
10930
10931
10932
10936
10946
10953
10954
10956
10957
10959
10967
10969
10973
10976
10983
10986
10988
10990
10992
11008
11010
11012
11013
11018
11029
11033
11035
11038
11049
11061
11072
11073
11074
11076
11080
11081
11083
11087
11093
11099
11100
11123
11128
11130
11136
11140
11151
11153
11155
11157
11161
11164
11168
11175
11183
11185
11187
11197
11198
11200
11209
11217
11222
11224
11228
11229
11230
11234
11245
11255
11256
11259
11264
11265
11268
11273
11277
11289
11298
11306
11307
11312
11319
11324
11325
11326
11333
11337
11341
11343
11347
11349
11350
11353
11356
11368
11369
11370
11375
11384
11387
11390
11393
11413
11427
11434
11438
11440
11443
11447
11449
11458
11459
11460
11461
11466
11469
11475
11476
11477
11480
11482
11487
11489
11492
11495
11512
11517
11524
11526
11527
11529
11532
11533
11535
11542
11549
11552
11555
11559
11564
11567
11571
11579
11591
11606
11609
11628
11629
11639
11640
11647
11653
11655
11657
11675
11682
11687
11688
11692
11693
11697
11704
11706
11710
11716
11720
11723
11725
11726
11728
11733
11737
11740
11742
11743
11744
11747
11749
11751
11758
11764
11765
11768
11769
11777
11782
11784
11786
11799
11806
11812
11813
11817
11820
11821
11838
11840
11841
11844
11850
11855
11867
11868
11872
11883
11888
11889
11893
11894
11898
11900
11903
11906
11911
11913
11941
11959
11961
11966
11967
11969
11978
11984
11985
11989
11990
12002
12006
12008
12015
12016
12019
12025
12029
12033
12035
12041
12047
12048
12058
12062
12065
12066
12067
12079
12081
12084
12087
12095
12106
12130
12132
12135
12138
12147
12154
12159
12160
12161
12168
12169
12178
12185
12186
12187
12190
12195
12198
12201
12207
12208
12215
12223
12224
12230
12234
12236
12252
12256
12260
12262
12263
12270
12271
12279
12281
12287
12291
12295
12297
12298
12300
12305
12306
12310
12312
12327
12333
12335
12348
12356
12362
12365
12373
12374
12380
12388
12393
12403
12408
12422
12429
12439
12441
12447
12448
12449
12453
12455
12456
12461
12469
12470
12476
12479
12483
12487
12491
12496
12500
12501
12507
12509
12527
12552
12554
12559
12562
12569
12574
12575
12577
12579
12585
12586
12588
12599
12610
12611
12614
12617
12619
12624
12630
12642
12653
12659
12675
12677
12681
12682
12683
12692
12693
12696
12701
12708
12710
12716
12717
12720
12727
12730
12732
12739
12741
12743
12747
12750
12756
12762
12767
12773
12775
12780
12786
12788
12791
12799
12808
12814
12819
12833
12835
12837
12840
12845
12846
12851
12855
12856
12862
12866
12868
12870
12872
12873
12880
12885
12891
12893
12896
12901
12902
12907
12908
12911
12917
12919
12923
12926
12928
12929
12931
12956
12959
12960
12967
12970
12981
12984
12987
12991
13000
13007
13013
13016
13017
13020
13022
13030
13033
13043
13045
13059
13065
13069
13070
13071
13078
13079
13081
13084
13089
13100
13105
13106
13107
13112
13113
13114
13124
13126
13131
13136
13143
13145
13155
13156
13159
13171
13172
13181
13184
13190
13195
13196
13197
13198
13200
13202
13207
13208
13214
13215
13218
13221
13227
13231
13237
13242
13244
13248
13249
13255
13263
13268
13271
13280
13285
13299
13300
13301
13302
13303
13318
13328
13330
13340
13343
13344
13346
13352
13356
13361
13368
13371
13374
13379
13382
13383
13386
13392
13404
13407
13410
13419
13429
13432
13439
13440
13445
13461
13468
13470
13473
13475
13478
13479
13480
13484
13485
13486
13488
13497
13501
13504
13505
13522
13523
13525
13533
13537
13543
13562
13565
13566
13568
13571
13573
13578
13580
13582
13584
13589
13595
13604
13609
13627
13628
13633
13644
13645
13652
13659
13662
13669
13670
13672
13674
13675
13677
13680
13681
13682
13688
13697
13698
13699
13701
13702
13708
13724
13727
13736
13740
13741
13742
13744
13745
13747
13750
13756
13771
13774
13775
13776
13793
13798
13803
13804
13806
13817
13818
13831
13832
13835
13840
13852
13853
13856
13863
13873
13879
13890
13893
13901
13910
13911
13914
13916
13917
13926
13932
13942
13947
13949
13956
13958
13976
13978
13980
13983
13984
13994
13996
13998
14001
14004
14005
14007
14008
14015
14017
14022
14024
14042
14047
14049
14065
14070
14072
14073
14076
14078
14092
14097
14104
14107
14113
14116
14117
14119
14121
14126
14131
14133
14138
14143
14144
14145
14148
14152
14153
14154
14155
14165
14167
14169
14170
14172
14177
14180
14201
14202
14204
14208
14217
14221
14224
14230
14232
14235
14236
14240
14242
14245
14248
14250
14254
14262
14274
14275
14288
14289
14292
14296
14300
14302
14311
14312
14315
14326
14337
14338
14346
14348
14353
14356
14361
14377
14378
14381
14382
14395
14396
14401
14404
14413
14421
14423
14431
14442
14443
14449
14454
14455
14461
14462
14463
14468
14469
14476
14481
14500
14504
14505
14510
14512
14516
14519
14530
14531
14535
14539
14540
14552
14553
14554
14558
14568
14569
14570
14573
14574
14577
14594
14595
14606
14607
14610
14616
14618
14621
14624
14628
14636
14643
14648
14654
14658
14665
14667
14674
14677
14684
14689
14690
14692
14697
14705
14718
14724
14727
14730
14733
14734
14750
14752
14757
14766
14768
14779
14792
14793
14797
14799
14802
14805
14811
14819
14821
14824
14827
14829
14830
14831
14851
14854
14866
14871
14872
14873
14875
14879
14880
14882
14886
14889
14892
14908
14909
14911
14915
14920
14921
14929
14931
14932
14934
14947
14953
14964
14978
14981
14992
14993
15000
15008
15016
15020
15021
15022
15024
15028
15034
15036
15042
15045
15046
15057
15061
15072
15074
15078
15080
15081
15085
15092
15093
15094
15102
15105
15115
15117
15118
15119
15121
15123
15127
15143
15145
15154
15162
15163
15171
15173
15175
15177
15180
15182
15183
15186
15194
15196
15206
15208
15214
15215
15217
15219
15221
15224
15226
15236
15238
15242
15247
15249
15250
15252
15255
15259
15262
15266
15268
15276
15277
15280
15281
15283
15300
15307
15312
15315
15326
15329
15331
15333
15343
15345
15348
15353
15356
15362
15370
15371
15372
15375
15380
15384
15386
15391
15394
15395
15396
15397
15402
15403
15407
15415
15418
15422
15424
15427
15428
15429
15438
15452
15456
15457
15466
15468
15483
15484
15494
15502
15503
15508
15510
15516
15524
15525
15542
15550
15554
15557
15559
15561
15565
15566
15570
15572
15574
15577
15582
15586
15589
15591
15599
15613
15617
15618
15620
15621
15623
15625
15635
15637
15650
15652
15659
15665
15667
15673
15677
15678
15680
15682
15688
15695
15698
15704
15707
15708
15711
15714
15718
15726
15731
15735
15745
15762
15768
15769
15771
15773
15774
15775
15786
15792
15804
15807
15811
15812
15816
15817
15818
15821
15822
15823
15832
15836
15841
15849
15861
15865
15878
15883
15909
15911
15915
15920
15921
15923
15924
15927
15932
15938
15954
15960
15965
15966
15971
15978
15982
15985
15990
15995
15999
16005
16006
16007
16010
16014
16018
16036
16039
16040
16041
16047
16049
16051
16056
16061
16067
16072
16075
16082
16093
16108
16109
16110
16112
16115
16120
16123
16128
16131
16132
16135
16150
16159
16165
16166
16171
16174
16179
16191
16196
16197
16200
16216
16218
16219
16225
16232
16233
16245
16248
16249
16250
16255
16257
16258
16266
16271
16274
16275
16277
16280
16282
16286
16288
16289
16294
16305
16307
16311
16312
16316
16323
16327
16332
16337
16340
16343
16345
16347
16351
16352
16354
16357
16361
16366
16370
16372
16373
16376
16381
16383
16389
16395
16406
16409
16410
16419
16422
16423
16426
16430
16431
16433
16439
16441
16442
16443
16448
16452
16453
16456
16470
16476
16477
16483
16484
16486
16487
16488
16490
16494
16502
16506
16507
16511
16516
16524
16527
16530
16532
16533
16538
16545
16546
16548
16561
16570
16573
16577
16585
16596
16601
16610
16614
16615
16621
16625
16628
16630
16639
16644
16650
16653
16654
16661
16666
16667
16674
16675
16680
16681
16685
16686
16691
16695
16704
16720
16725
16729
16731
16738
16740
16756
16758
16760
16766
16769
16773
16774
16776
16781
16790
16792
16795
16804
16808
16819
16823
16829
16830
16831
16840
16842
16851
16856
16857
16862
16869
16878
16880
16885
16886
16893
16894
16897
16905
16907
16908
16912
16913
16914
16917
16922
16927
16929
16936
16938
16944
16945
16946
16950
16955
16956
16958
16963
16964
16969
16970
16980
16993
17006
17028
17031
17042
17048
17049
17050
17055
17063
17067
17069
17071
17076
17077
17082
17085
17086
17088
17090
17116
17119
17120
17121
17124
17125
17127
17159
17160
17161
17163
17165
17177
17180
17183
17188
17195
17202
17203
17205
17208
17212
17215
17219
17220
17223
17224
17228
17232
17235
17241
17242
17245
17246
17253
17254
17264
17265
17274
17280
17285
17290
17313
17315
17318
17324
17333
17342
17353
17357
17361
17366
17373
17378
17379
17380
17382
17384
17385
17392
17397
17401
17410
17417
17421
17424
17429
17431
17436
17441
17443
17445
17447
17470
17471
17493
17497
17505
17507
17509
17512
17513
17514
17515
17520
17523
17524
17527
17530
17531
17535
17536
17538
17539
17541
17545
17552
17556
17561
17565
17566
17573
17582
17589
17591
17596
17611
17613
17619
17628
17632
17633
17636
17638
17643
17647
17651
17653
17658
17663
17665
17668
17671
17675
17676
17679
17680
17686
17689
17701
17702
17718
17719
17724
17726
17730
17734
17735
17740
17745
17748
17749
17760
17762
17764
17765
17766
17767
17775
17790
17801
17815
17819
17826
17830
17832
17841
17847
17848
17849
17851
17852
17853
17855
17859
17860
17862
17872
17878
17891
17895
17900
17902
17917
17918
17919
17924
17930
17932
17938
17948
17951
17953
17964
17979
17980
17984
17988
17989
17998
18005
18008
18010
18014
18015
18017
18025
18029
18031
18035
18038
18040
18042
18045
18046
18047
18050
18053
18055
18065
18073
18077
18084
18090
18092
18093
18095
18116
18123
18129
18133
18142
18143
18145
18146
18147
18149
18152
18153
18156
18162
18163
18177
18185
18186
18187
18191
18197
18201
18207
18213
18216
18228
18230
18231
18235
18236
18237
18247
18250
18251
18257
18262
18268
18275
18279
18284
18285
18290
18292
18295
18303
18304
18316
18318
18320
18325
18334
18339
18341
18342
18345
18346
18347
18348
18351
18354
18356
18360
18361
18369
18370
18375
18397
18403
18404
18411
18414
18420
18421
18433
18436
18449
18453
18465
18469
18474
18481
18482
18484
18490
18496
18497
18500
18501
18511
18514
18515
18517
18518
18530
18532
18540
18541
18544
18545
18547
18548
18549
18554
18558
18559
18563
18576
18578
18579
18588
18592
18601
18603
18604
18608
18609
18610
18611
18615
18620
18622
18623
18640
18649
18656
18660
18666
18670
18672
18679
18688
18691
18696
18704
18714
18726
18729
18746
18754
18756
18760
18767
18772
18775
18776
18782
18791
18793
18795
18797
18801
18804
18809
18813
18816
18827
18833
18845
18854
18864
18872
18874
18877
18882
18883
18886
18891
18899
18904
18905
18907
18908
18915
18917
18918
18922
18931
18933
18945
18949
18950
18957
18960
18962
18965
18966
18970
18975
18976
18980
18983
18989
18990
18991
19011
19017
19018
19023
19040
19047
19048
19050
19052
19060
19063
19067
19068
19070
19073
19081
19084
19093
19104
19109
19114
19117
19121
19122
19130
19131
19132
19144
19145
19147
19154
19155
19163
19164
19173
19177
19183
19184
19191
19196
19204
19210
19211
19214
19217
19221
19222
19227
19232
19235
19251
19255
19261
19267
19269
19274
19275
19280
19284
19285
19292
19297
19307
19308
19319
19322
19328
19334
19338
19342
19345
19349
19350
19357
19360
19362
19367
19370
19372
19394
19397
19401
19402
19406
19408
19409
19411
19414
19418
19419
19420
19421
19422
19424
19425
19426
19430
19434
19441
19449
19451
19466
19468
19471
19472
19473
19474
19484
19486
19495
19505
19507
19509
19510
19517
19522
19527
19529
19532
19539
19570
19571
19575
19578
19582
19589
19593
19615
19620
19621
19626
19633
19634
19637
19638
19640
19649
19651
19654
19655
19656
19660
19661
19662
19664
19665
19667
19674
19676
19681
19682
19683
19685
19687
19694
19702
19716
19719
19720
19734
19738
19739
19745
19747
19749
19751
19753
19762
19768
19775
19776
19781
19792
19793
19794
19796
19802
19808
19810
19816
19821
19824
19828
19852
19856
19858
19860
19867
19868
19870
19873
19881
19887
19894
19896
19903
19906
19908
19916
19920
19921
19925
19942
19946
19966
19968
19974
19976
19989
19990
19992
20007
20008
20012
20018
20021
20027
20031
20035
20036
20038
20039
20052
20058
20061
20063
20068
20076
20078
20092
20100
20104
20107
20108
20110
20117
20125
20127
20132
20133
20134
20137
20141
20145
20148
20153
20156
20159
20161
20167
20173
20185
20199
20203
20205
20208
20211
20213
20214
20223
20233
20234
20247
20255
20256
20259
20271
20276
20287
20289
20300
20301
20302
20304
20309
20330
20331
20339
20348
20350
20352
20359
20361
20363
20364
20370
20376
20380
20382
20387
20393
20419
20425
20429
20437
20439
20449
20451
20452
20453
20457
20460
20461
20464
20466
20469
20474
20478
20479
20482
20483
20488
20491
20492
20494
20527
20532
20538
20542
20545
20546
20559
20566
20569
20571
20578
20585
20586
20591
20592
20596
20599
20603
20604
20618
20642
20657
20664
20667
20668
20678
20681
20689
20694
20696
20697
20698
20703
20710
20713
20714
20716
20724
20734
20736
20741
20742
20744
20749
20751
20761
20762
20763
20769
20773
20775
20778
20789
20793
20802
20806
20809
20813
20815
20822
20823
20826
20828
20835
20838
20848
20850
20853
20863
20864
20875
20883
20889
20892
20898
20900
20910
20917
20926
20939
20940
20949
20950
20954
20966
20976
20980
20981
20982
20991
20992
20996
21002
21005
21012
21029
21042
21044
21050
21056
21060
21062
21077
21078
21083
21087
21088
21089
21090
21096
21098
21107
21109
21128
21131
21143
21150
21153
21159
21164
21172
21176
21179
21180
21183
21185
21186
21210
21211
21221
21222
21227
21229
21236
21240
21245
21247
21250
21253
21254
21256
21257
21258
21263
21268
21274
21276
21277
21286
21298
21301
21321
21324
21332
21334
21336
21351
21352
21366
21383
21406
21411
21417
21424
21428
21431
21434
21444
21447
21448
21449
21454
21457
21458
21464
21465
21471
21473
21475
21476
21477
21479
21480
21490
21496
21501
21511
21513
21514
21535
21538
21541
21546
21548
21553
21558
21560
21564
21565
21573
21574
21575
21582
21586
21594
21603
21606
21641
21644
21649
21653
21656
21657
21660
21664
21668
21673
21676
21678
21681
21694
21695
21700
21702
21704
21712
21713
21721
21723
21724
21737
21750
21751
21752
21759
21769
21789
21791
21800
21801
21804
21805
21807
21808
21814
21818
21825
21831
21846
21849
21857
21858
21863
21866
21870
21873
21878
21881
21882
21883
21886
21890
21894
21898
21900
21901
21903
21907
21910
21914
21915
21917
21919
21921
21924
21936
21937
21955
21956
21972
21989
21995
21996
22003
22008
22014
22021
22027
22028
22030
22031
22036
22041
22043
22046
22052
22054
22056
22059
22060
22062
22066
22077
22106
22111
22115
22116
22117
22129
22133
22134
22136
22140
22149
22156
22159
22170
22171
22181
22182
22187
22193
22196
22204
22207
22211
22219
22226
22230
22237
22242
22258
22260
22261
22263
22271
22277
22280
22297
22320
22321
22323
22325
22328
22341
22344
22355
22359
22362
22363
22371
22373
22376
22377
22385
22387
22389
22391
22393
22398
22399
22412
22415
22420
22425
22426
22437
22452
22455
22457
22465
22470
22471
22473
22476
22478
22492
22495
22498
22499
22500
22512
22514
22519
22527
22537
22538
22542
22548
22549
22551
22553
22562
22570
22577
22587
22589
22590
22599
22600
22610
22612
22614
22615
22620
22623
22628
22637
22638
22642
22650
22663
22667
22675
22681
22685
22688
22694
22699
22700
22722
22723
22724
22740
22742
22750
22752
22754
22755
22757
22761
22762
22767
22773
22777
22782
22787
22793
22799
22801
22803
22804
22810
22817
22818
22819
22822
22824
22825
22828
22829
22832
22846
22850
22859
22861
22868
22881
22882
22883
22884
22894
22900
22902
22912
22917
22920
22922
22929
22931
22932
22935
22936
22952
22956
22958
22974
22975
22977
22982
22985
22986
22987
22991
22996
23005
23010
23012
23015
23016
23017
23020
23027
23031
23041
23044
23047
23053
23065
23081
23082
23083
23092
23094
23095
23097
23098
23103
23110
23116
23119
23142
23154
23160
23162
23163
23164
23172
23173
23178
23187
23190
23192
23194
23203
23216
23218
23226
23229
23230
23234
23250
23255
23265
23276
23281
23282
23290
23291
23292
23293
23297
23299
23300
23301
23304
23306
23314
23315
23318
23324
23327
23331
23336
23339
23341
23346
23350
23363
23364
23368
23371
23372
23383
23392
23394
23397
23401
23402
23410
23419
23426
23427
23436
23443
23444
23450
23455
23457
23458
23466
23471
23482
23484
23486
23490
23491
23493
23495
23496
23501
23514
23515
23518
23523
23527
23547
23553
23561
23562
23564
23570
23571
23572
23577
23585
23586
23589
23599
23606
23608
23611
23617
23629
23632
23633
23634
23635
23638
23640
23645
23653
23658
23659
23677
23678
23680
23692
23693
23699
23703
23705
23707
23708
23710
23711
23714
23715
23717
23720
23724
23725
23726
23727
23730
23733
23735
23739
23743
23755
23776
23777
23788
23789
23792
23799
23802
23808
23813
23816
23820
23825
23826
23829
23831
23834
23837
23841
23843
23845
23847
23856
23861
23862
23864
23867
23868
23870
23878
23884
23895
23897
23913
23916
23921
23928
23934
23937
23943
23954
23956
23958
23966
23980
23985
23986
24007
24015
24016
24017
24024
24025
24044
24046
24050
24058
24059
24060
24063
24067
24074
24081
24082
24085
24099
24104
24107
24108
24111
24112
24113
24118
24130
24133
24141
24144
24155
24170
24180
24189
24190
24197
24200
24201
24204
24209
24217
24218
24221
24222
24225
24229
24230
24233
24236
24238
24256
24267
24272
24277
24281
24286
24288
24291
24295
24299
24301
24304
24311
24313
24319
24320
24334
24336
24341
24343
24356
24359
24363
24368
24376
24378
24389
24390
24397
24402
24406
24410
24423
24426
24429
24431
24434
24444
24447
24450
24451
24453
24455
24467
24468
24469
24471
24474
24476
24477
24478
24497
24504
24505
24514
24517
24519
24531
24533
24535
24541
24545
24552
24558
24572
24575
24582
24597
24611
24617
24619
24621
24623
24626
24627
24633
24636
24637
24643
24645
24664
24670
24671
24673
24680
24682
24684
24685
24689
24695
24701
24702
24709
24711
24714
24720
24721
24729
24740
24746
24748
24750
24755
24756
24759
24760
24763
24764
24769
24770
24783
24786
24787
24797
24798
24799
24800
24804
24806
24809
24816
24820
24829
24830
24850
24851
24853
24858
24859
24873
24880
24897
24901
24904
24918
24922
24923
24933
24936
24939
24945
24948
24949
24967
24970
24971
24973
24983
24984
24985
24987
24997
25005
25008
25019
25021
25034
25042
25052
25065
25070
25078
25080
25084
25086
25089
25092
25093
25094
25098
25099
25107
25112
25116
25118
25122
25126
25127
25128
25130
25131
25133
25143
25164
25165
25167
25170
25195
25198
25215
25216
25218
25219
25225
25240
25242
25245
25247
25248
25252
25262
25267
25268
25272
25278
25300
25301
25304
25305
25311
25312
25316
25322
25323
25325
25333
25334
25337
25339
25340
25344
25349
25352
25357
25361
25365
25377
25380
25393
25403
25407
25410
25416
25417
25419
25420
25424
25426
25429
25432
25438
25453
25458
25459
25469
25471
25474
25475
25477
25488
25493
25494
25503
25505
25506
25510
25516
25519
25525
25532
25537
25542
25551
25553
25557
25560
25563
25564
25573
25577
25611
25616
25636
25642
25645
25648
25653
25657
25661
25665
25669
25676
25681
25682
25683
25684
25685
25698
25701
25703
25706
25713
25717
25719
25731
25732
25735
25740
25744
25753
25757
25765
25773
25777
25791
25793
25802
25804
25812
25816
25817
25825
25833
25846
25852
25853
25856
25857
25860
25865
25870
25871
25884
25886
25893
25894
25897
25898
25901
25907
25917
25922
25925
25936
25937
25938
25941
25946
25951
25952
25961
25968
25970
25976
25984
25992
25993
25995
25998
26000
26001
26007
26020
26031
26035
26044
26050
26059
26062
26068
26070
26078
26086
26089
26092
26104
26106
26110
26117
26122
26129
26141
26143
26146
26147
26157
26158
26161
26178
26187
26197
26200
26203
26204
26209
26222
26225
26229
26231
26244
26249
26251
26252
26253
26255
26261
26262
26263
26270
26271
26284
26292
26306
26313
26327
26332
26337
26340
26343
26345
26349
26353
26357
26369
26372
26384
26386
26390
26401
26404
26406
26407
26408
26412
26417
26424
26429
26445
26451
26455
26463
26467
26470
26479
26490
26493
26494
26503
26515
26521
26532
26535
26536
26541
26544
26547
26548
26558
26570
26574
26577
26578
26580
26586
26589
26597
26606
26608
26619
26626
26630
26639
26644
26650
26657
26658
26660
26666
26668
26669
26670
26674
26676
26677
26687
26704
26715
26718
26730
26738
26741
26752
26771
26773
26774
26785
26787
26789
26791
26798
26808
26811
26815
26820
26843
26847
26853
26858
26865
26873
26877
26878
26879
26880
26885
26895
26898
26905
26912
26915
26925
26950
26954
26967
26981
26985
26987
26988
26990
26997
26998
27000
27007
27014
27018
27019
27026
27028
27041
27044
27049
27058
27060
27062
27074
27079
27080
27083
27088
27092
27093
27096
27103
27109
27114
27121
27133
27135
27139
27148
27155
27156
27161
27168
27173
27178
27180
27195
27202
27205
27210
27221
27223
27224
27237
27242
27244
27251
27253
27272
27277
27279
27285
27286
27288
27292
27294
27295
27297
27304
27305
27306
27310
27314
27329
27330
27333
27334
27335
27342
27362
27364
27366
27370
27372
27373
27383
27386
27388
27389
27390
27398
27400
27402
27404
27406
27408
27411
27414
27416
27418
27424
27431
27432
27438
27452
27464
27468
27470
27474
27479
27483
27486
27489
27490
27491
27499
27505
27519
27521
27523
27529
27530
27531
27532
27534
27536
27539
27540
27547
27554
27568
27571
27573
27575
27579
27582
27592
27597
27601
27607
27608
27609
27615
27616
27629
27630
27634
27642
27644
27645
27650
27652
27654
27655
27660
27661
27664
27671
27675
27683
27684
27687
27691
27692
27693
27701
27702
27706
27717
27721
27729
27731
27734
27736
27758
27760
27763
27764
27768
27769
27770
27771
27773
27780
27785
27787
27803
27809
27811
27824
27826
27828
27831
27832
27836
27843
27844
27851
27858
27861
27873
27875
27877
27880
27894
27909
27910
27911
27918
27919
27927
27928
27931
27937
27953
27954
27957
27963
27964
27968
27972
27977
27980
27985
27992
27995
27996
27997
28003
28004
28008
28013
28018
28025
28030
28032
28033
28043
28045
28047
28048
28050
28051
28053
28054
28056
28066
28085
28089
28094
28102
28122
28145
28149
28154
28155
28159
28161
28169
28173
28176
28177
28193
28198
28207
28220
28239
28241
28245
28250
28256
28259
28273
28274
28280
28285
28287
28288
28290
28293
28297
28306
28312
28313
28330
28336
28339
28351
28353
28354
28355
28359
28361
28371
28372
28373
28384
28404
28405
28406
28408
28412
28413
28417
28418
28429
28433
28435
28437
28438
28443
28464
28465
28468
28471
28474
28476
28481
28486
28506
28510
28520
28524
28527
28532
28537
28540
28558
28563
28571
28589
28590
28595
28603
28609
28611
28618
28621
28622
28634
28636
28640
28642
28651
28657
28660
28662
28663
28667
28672
28673
28675
28676
28683
28685
28687
28691
28692
28695
28700
28704
28710
28712
28721
28724
28725
28729
28730
28731
28738
28740
28754
28756
28761
28763
28769
28771
28772
28775
28778
28781
28782
28784
28787
28788
28790
28792
28793
28819
28833
28838
28840
28845
28866
28876
28878
28885
28888
28890
28893
28896
28897
28899
28900
28901
28904
28906
28908
28912
28916
28920
28921
28922
28924
28925
28931
28939
28940
28942
28954
28956
28975
28977
28986
28988
28992
29004
29011
29024
29026
29030
29032
29033
29044
29048
29055
29062
29068
29072
29077
29080
29081
29084
29089
29092
29093
29104
29106
29109
29115
29116
29121
29124
29125
29129
29131
29153
29154
29157
29162
29166
29172
29186
29188
29191
29193
29194
29205
29207
29209
29219
29222
29229
29231
29236
29237
29241
29249
29252
29253
29257
29258
29259
29260
29268
29270
29274
29275
29277
29281
29284
29305
29308
29313
29321
29325
29336
29337
29340
29341
29344
29347
29352
29354
29355
29358
29368
29372
29377
29379
29388
29392
29406
29407
29412
29416
29419
29431
29433
29434
29443
29448
29452
29457
29458
29473
29474
29476
29483
29484
29485
29490
29493
29495
29496
29499
29501
29505
29507
29508
29509
29515
29517
29518
29533
29534
29538
29544
29548
29552
29555
29557
29572
29573
29576
29578
29594
29595
29596
29599
29603
29609
29610
29616
29625
29628
29629
29633
29634
29636
29637
29643
29644
29649
29656
29664
29675
29679
29684
29687
29694
29696
29697
29701
29704
29709
29712
29719
29724
29727
29728
29738
29741
29742
29750
29751
29757
29763
29767
29774
29781
29782
29792
29793
29796
29806
29808
29820
29822
29823
29825
29826
29830
29835
29847
29848
29849
29854
29866
29872
29875
29881
29885
29889
29898
29915
29918
29929
29938
29942
29943
29950
29954
29955
29957
29962
29964
29968
29979
29988
29993
29996
29999
30009
30014
30020
30021
30035
30037
30040
30041
30043
30050
30052
30053
30057
30058
30062
30074
30080
30084
30085
30094
30097
30104
30109
30113
30117
30122
30129
30137
30159
30160
30165
30167
30174
30176
30180
30182
30184
30188
30204
30212
30213
30222
30223
30225
30230
30233
30235
30240
30241
30244
30247
30265
30266
30267
30274
30275
30277
30282
30283
30288
30295
30305
30308
30315
30316
30317
30327
30329
30333
30338
30348
30350
30351
30354
30356
30375
30380
30383
30386
30388
30398
30407
30433
30438
30447
30450
30453
30458
30470
30478
30479
30494
30496
30497
30500
30511
30523
30528
30541
30543
30547
30552
30556
30558
30560
30567
30584
30587
30599
30601
30606
30617
30619
30624
30625
30626
30631
30636
30637
30640
30655
30658
30660
30670
30686
30688
30690
30692
30696
30701
30705
30711
30718
30721
30722
30736
30741
30749
30753
30775
30776
30779
30780
30781
30783
30790
30792
30798
30805
30810
30811
30814
30818
30823
30845
30849
30858
30859
30860
30862
30867
30872
30874
30877
30883
30896
30897
30904
30905
30907
30908
30910
30919
30925
30926
30928
30930
30933
30935
30939
30941
30942
30943
30945
30952
30955
30958
30965
30968
30977
30978
30980
30985
30989
30992
30995
31000
31002
31008
31010
31012
31016
31017
31020
31024
31028
31029
31031
31032
31036
31048
31061
31062
31067
31074
31077
31096
31101
31116
31117
31118
31121
31130
31135
31137
31139
31140
31152
31154
31160
31162
31171
31174
31175
31178
31181
31189
31191
31196
31203
31204
31206
31208
31210
31213
31224
31229
31236
31241
31257
31261
31264
31265
31269
31272
31279
31283
31287
31293
31295
31303
31313
31315
31316
31317
31332
31336
31337
31347
31353
31358
31360
31362
31369
31371
31381
31382
31383
31396
31401
31409
31410
31417
31418
31422
31423
31427
31430
31432
31433
31436
31446
31480
31483
31486
31488
31492
31501
31502
31504
31514
31516
31519
31521
31526
31534
31537
31542
31544
31547
31549
31557
31567
31584
31587
31590
31591
31596
31601
31610
31613
31614
31619
31624
31631
31637
31640
31650
31654
31657
31660
31665
31671
31679
31683
31684
31696
31698
31704
31706
31711
31714
31716
31726
31728
31731
31733
31744
31747
31751
31756
31760
31764
31769
31774
31780
31782
31784
31789
31799
31808
31818
31819
31830
31831
31834
31835
31839
31842
31850
31852
31855
31860
31866
31870
31883
31888
31890
31896
31897
31898
31899
31904
31905
31909
31913
31918
31923
31927
31933
31936
31939
31940
31946
31957
31960
31963
31975
31980
31983
31987
32005
32006
32010
32017
32020
32027
32028
32031
32048
32051
32060
32062
32066
32069
32077
32080
32087
32089
32094
32104
32106
32108
32109
32110
32115
32116
32119
32122
32124
32126
32128
32130
32131
32135
32136
32139
32141
32142
32152
32162
32172
32173
32175
32176
32184
32185
32186
32188
32189
32194
32197
32198
32201
32202
32205
32222
32230
32231
32233
32235
32240
32242
32243
32246
32248
32264
32268
32271
32287
32288
32291
32296
32299
32309
32312
32315
32316
32321
32326
32333
32336
32337
32344
32346
32350
32352
32354
32359
32369
32372
32375
32377
32379
32388
32394
32395
32398
32400
32401
32406
32423
32436
32440
32446
32454
32473
32476
32480
32481
32485
32489
32490
32492
32494
32497
32498
32504
32508
32514
32518
32520
32526
32527
32531
32532
32534
32536
32546
32552
32555
32560
32561
32564
32568
32572
32575
32576
32583
32588
32590
32598
32602
32610
32612
32615
32616
32618
32622
32623
32628
32631
32642
32644
32647
32654
32667
32668
32670
32677
32679
32689
32699
32703
32706
32710
32712
32715
32721
32724
32725
32727
32738
32739
32746
32747
32771
32772
32780
32781
32783
32794
32795
32796
32817
32826
32837
32843
32857
32861
32863
32865
32867
32876
32883
32884
32885
32898
32899
32901
32908
32920
32924
32931
32943
32945
32948
32951
32952
32956
32957
32967
32984
32986
32990
32991
32993
32995
33003
33015
33027
33029
33033
33035
33045
33047
33054
33055
33056
33060
33061
33062
33067
33071
33072
33079
33088
33093
33096
33104
33106
33107
33111
33112
33113
33115
33128
33131
33140
33144
33148
33149
33152
33159
33165
33166
33167
33169
33171
33181
33183
33198
33204
33206
33208
33211
33212
33216
33221
33223
33225
33231
33232
33242
33244
33245
33248
33249
33250
33251
33254
33259
33262
33265
33266
33270
33274
33277
33279
33282
33284
33285
33294
33295
33298
33307
33309
33315
33319
33323
33332
33334
33336
33346
33348
33350
33351
33353
33359
33369
33376
33382
33383
33384
33388
33392
33397
33402
33405
33406
33407
33412
33414
33415
33417
33425
33429
33430
33439
33441
33448
33450
33453
33455
33464
33466
33477
33479
33481
33486
33489
33507
33508
33509
33512
33517
33521
33522
33523
33525
33537
33550
33557
33558
33559
33561
33566
33569
33575
33578
33579
33589
33590
33592
33594
33598
33601
33602
33613
33615
33618
33624
33627
33635
33638
33640
33641
33645
33646
33656
33657
33661
33665
33669
33674
33677
33682
33686
33694
33701
33705
33714
33715
33717
33727
33739
33743
33745
33746
33758
33759
33761
33764
33770
33772
33774
33778
33780
33782
33784
33787
33795
33799
33801
33802
33803
33808
33809
33814
33816
33817
33827
33828
33834
33848
33855
33862
33876
33884
33888
33890
33893
33898
33901
33904
33908
33910
33911
33915
33918
33932
33934
33935
33941
33947
33948
33950
33952
33958
33960
33962
33967
33976
33979
33981
33983
33990
33991
33993
33995
33996
33997
34001
34008
34014
34017
34018
34021
34023
34029
34031
34032
34033
34042
34044
34046
34048
34053
34054
34056
34064
34065
34072
34074
34079
34080
34083
34091
34094
34098
34099
34102
34105
34116
34119
34126
34134
34139
34143
34148
34151
34169
34187
34192
34197
34204
34207
34210
34213
34215
34219
34226
34231
34234
34236
34239
34248
34250
34261
34271
34274
34283
34284
34285
34287
34303
34313
34317
34326
34329
34333
34334
34335
34336
34342
34346
34348
34349
34350
34352
34372
34373
34376
34403
34410
34415
34419
34426
34427
34437
34438
34444
34446
34447
34452
34458
34461
34464
34465
34466
34468
34469
34471
34477
34485
34487
34490
34492
34499
34501
34523
34533
34541
34544
34546
34550
34572
34573
34574
34585
34594
34599
34601
34602
34603
34604
34611
34617
34618
34620
34622
34627
34629
34631
34634
34636
34646
34650
34660
34663
34666
34674
34675
34678
34685
34687
34693
34694
34697
34701
34707
34708
34710
34717
34718
34726
34727
34728
34731
34734
34737
34738
34743
34745
34747
34753
34755
34764
34765
34769
34773
34775
34776
34777
34783
34784
34788
34790
34807
34821
34828
34830
34834
34839
34840
34844
34847
34851
34852
34856
34865
34867
34868
34878
34883
34885
34888
34891
34895
34896
34900
34904
34907
34913
34914
34915
34916
34922
34923
34930
34935
34937
34940
34946
34947
34948
34950
34957
34959
34963
34964
34966
34972
34977
34978
34980
34985
34987
35000
35005
35006
35008
35016
35025
35026
35029
35032
35044
35045
35051
35053
35054
35063
35064
35065
35067
35068
35081
35087
35091
35093
35105
35108
35114
35120
35122
35124
35127
35130
35136
35138
35140
35146
35149
35158
35166
35169
35170
35172
35181
35185
35189
35191
35194
35200
35202
35204
35206
35210
35211
35212
35218
35225
35227
35228
35238
35248
35253
35258
35280
35301
35304
35308
35316
35323
35325
35326
35331
35332
35333
35337
35341
35342
35343
35352
35353
35362
35370
35371
35373
35379
35380
35383
35385
35397
35414
35415
35420
35426
35428
35430
35433
35434
35435
35457
35465
35469
35473
35475
35482
35485
35486
35491
35500
35502
35507
35512
35516
35523
35524
35527
35534
35538
35542
35554
35566
35569
35572
35575
35580
35593
35594
35595
35596
35599
35600
35602
35610
35612
35613
35622
35625
35640
35647
35687
35694
35702
35703
35711
35724
35728
35729
35731
35732
35742
35746
35754
35760
35771
35777
35778
35785
35792
35801
35802
35811
35816
35820
35821
35822
35828
35829
35832
35835
35839
35843
35844
35848
35868
35872
35880
35886
35897
35900
35905
35909
35910
35911
35912
35913
35914
35915
35918
35920
35923
35938
35940
35943
35944
35948
35952
35960
35962
35963
35965
35970
35971
35977
35978
35979
35981
35985
35986
35988
35989
35998
36003
36005
36013
36015
36018
36021
36022
36025
36028
36054
36058
36065
36067
36069
36094
36118
36121
36125
36130
36131
36142
36153
36162
36174
36176
36191
36194
36195
36196
36199
36203
36206
36208
36214
36219
36226
36228
36230
36236
36243
36249
36252
36264
36267
36280
36281
36284
36289
36290
36291
36292
36294
36295
36314
36318
36323
36332
36339
36345
36347
36355
36357
36361
36369
36376
36379
36380
36387
36389
36392
36394
36396
36405
36406
36414
36416
36418
36420
36426
36427
36428
36434
36436
36437
36439
36442
36443
36444
36446
36456
36467
36477
36480
36483
36486
36487
36495
36503
36514
36515
36518
36521
36524
36526
36533
36540
36547
36548
36557
36562
36563
36567
36569
36577
36582
36590
36599
36601
36607
36609
36613
36619
36622
36625
36632
36633
36639
36642
36644
36651
36657
36658
36663
36665
36677
36684
36690
36691
36692
36694
36695
36696
36701
36709
36710
36711
36720
36721
36723
36724
36727
36729
36730
36734
36741
36748
36752
36756
36770
36772
36773
36776
36777
36778
36781
36785
36786
36796
36797
36801
36802
36804
36813
36816
36826
36830
36839
36847
36855
36858
36859
36863
36865
36869
36876
36896
36898
36906
36913
36914
36916
36926
36929
36933
36935
36941
36945
36956
36962
36970
36979
36985
36990
36992
36993
36994
37002
37003
37007
37011
37012
37016
37019
37024
37025
37026
37034
37039
37040
37042
37044
37047
37052
37060
37064
37068
37070
37073
37077
37084
37089
37090
37093
37100
37102
37109
37110
37115
37117
37118
37124
37126
37127
37129
37130
37133
37136
37149
37152
37157
37160
37167
37168
37169
37178
37188
37191
37198
37199
37204
37210
37218
37227
37230
37238
37243
37245
37256
37261
37265
37269
37270
37271
37273
37282
37285
37292
37300
37307
37309
37317
37320
37336
37341
37343
37346
37350
37365
37366
37367
37372
37382
37390
37404
37406
37410
37412
37425
37426
37428
37429
37430
37435
37436
37444
37446
37448
37449
37454
37457
37458
37462
37463
37470
37471
37473
37474
37477
37478
37484
37485
37496
37503
37511
37515
37519
37522
37526
37530
37536
37537
37538
37543
37548
37550
37551
37554
37556
37557
37558
37564
37568
37573
37578
37590
37598
37600
37602
37606
37612
37614
37621
37623
37625
37637
37642
37649
37655
37656
37657
37658
37660
37661
37665
37674
37678
37695
37701
37704
37705
37709
37720
37721
37725
37726
37727
37732
37735
37742
37746
37748
37762
37767
37770
37774
37775
37785
37786
37787
37788
37795
37805
37808
37809
37812
37814
37818
37820
37821
37827
37828
37832
37838
37841
37843
37856
37857
37859
37866
37871
37872
37873
37882
37888
37890
37893
37895
37904
37916
37920
37922
37926
37934
37939
37948
37951
37955
37958
37966
37968
37980
37988
38025
38032
38037
38039
38043
38048
38060
38070
38080
38081
38085
38091
38093
38095
38098
38110
38113
38120
38125
38128
38140
38160
38161
38164
38166
38174
38176
38177
38182
38191
38202
38203
38208
38212
38220
38228
38229
38234
38235
38238
38251
38254
38255
38259
38271
38283
38287
38289
38293
38295
38298
38299
38301
38303
38307
38311
38315
38316
38319
38321
38323
38329
38333
38334
38335
38336
38344
38347
38354
38355
38362
38372
38379
38383
38389
38393
38394
38399
38400
38414
38415
38418
38427
38429
38440
38453
38460
38461
38485
38487
38489
38492
38495
38497
38501
38510
38512
38514
38526
38527
38532
38542
38543
38544
38547
38549
38551
38556
38559
38562
38563
38574
38579
38580
38585
38589
38596
38597
38602
38608
38614
38618
38623
38629
38634
38643
38652
38657
38660
38663
38675
38686
38687
38690
38692
38701
38708
38716
38721
38729
38730
38734
38737
38741
38742
38743
38750
38751
38759
38760
38767
38774
38779
38782
38788
38792
38797
38800
38803
38813
38818
38822
38823
38826
38835
38841
38843
38846
38862
38867
38869
38872
38883
38884
38889
38890
38895
38903
38914
38931
38937
38938
38939
38941
38942
38949
38951
38954
38956
38957
38959
38961
38962
38964
38968
38973
38974
38976
38977
38979
38981
38983
38986
38987
38988
38998
39001
39004
39005
39006
39012
39014
39021
39023
39033
39036
39037
39041
39044
39049
39053
39064
39065
39066
39073
39081
39083
39096
39097
39111
39114
39117
39118
39119
39123
39132
39134
39143
39145
39149
39162
39163
39167
39170
39179
39184
39189
39190
39195
39196
39199
39202
39204
39205
39215
39217
39222
39223
39227
39230
39232
39238
39242
39243
39247
39258
39264
39267
39275
39276
39278
39279
39282
39284
39292
39293
39299
39307
39309
39310
39313
39318
39323
39325
39326
39327
39328
39334
39335
39341
39347
39350
39355
39356
39364
39367
39368
39371
39372
39375
39377
39395
39399
39401
39405
39406
39408
39411
39433
39439
39445
39447
39448
39456
39460
39467
39471
39474
39484
39485
39489
39494
39502
39512
39516
39520
39521
39526
39527
39534
39543
39546
39556
39557
39559
39563
39564
39565
39566
39568
39569
39573
39574
39576
39578
39582
39585
39588
39589
39591
39592
39595
39596
39610
39619
39633
39634
39639
39641
39650
39652
39654
39664
39667
39674
39685
39697
39698
39705
39710
39730
39734
39743
39747
39751
39754
39756
39764
39766
39770
39773
39777
39783
39786
39789
39792
39809
39811
39813
39824
39827
39830
39839
39843
39848
39850
39857
39867
39868
39870
39893
39899
39901
39907
39917
39924
39931
39935
39947
39953
39954
39956
39957
39959
39964
39966
39980
39983
39986
39988
39991
39992
39996
39999
40010
40011
40016
40019
40021
40023
40025
40039
40041
40047
40050
40054
40056
40059
40062
40072
40092
40093
40097
40099
40101
40110
40122
40127
40129
40133
40134
40145
40150
40151
40156
40162
40174
40180
40184
40190
40191
40195
40197
40205
40211
40213
40216
40219
40220
40222
40231
40235
40236
40238
40246
40247
40261
40262
40267
40270
40277
40278
40280
40283
40287
40290
40292
40299
40301
40310
40322
40323
40325
40326
40327
40330
40338
40341
40353
40364
40369
40371
40373
40377
40380
40386
40390
40393
40398
40399
40401
40403
40405
40409
40410
40411
40413
40415
40420
40424
40445
40447
40449
40457
40471
40475
40481
40484
40491
40497
40503
40504
40505
40514
40526
40529
40530
40533
40535
40540
40547
40549
40550
40553
40554
40556
40559
40560
40566
40572
40575
40577
40585
40588
40594
40601
40610
40613
40617
40634
40640
40646
40647
40648
40650
40654
40655
40656
40659
40662
40670
40673
40680
40684
40691
40693
40694
40698
40708
40712
40713
40720
40725
40731
40732
40734
40736
40743
40744
40759
40760
40769
40774
40775
40778
40779
40783
40786
40789
40792
40798
40806
40808
40817
40822
40826
40830
40835
40838
40839
40845
40853
40857
40861
40862
40865
40869
40873
40875
40878
40884
40889
40895
40899
40905
40906
40909
40910
40912
40915
40926
40939
40941
40943
40947
40951
40952
40957
40969
40970
40978
40983
40988
40997
41002
41005
41006
41017
41027
41035
41038
41039
41042
41043
41046
41051
41056
41061
41071
41073
41083
41084
41093
41104
41106
41110
41111
41119
41121
41135
41136
41138
41150
41153
41155
41165
41166
41170
41178
41181
41183
41189
41190
41197
41199
41210
41213
41219
41229
41235
41237
41241
41255
41258
41261
41262
41264
41269
41277
41280
41283
41286
41289
41292
41295
41296
41301
41305
41306
41310
41319
41323
41340
41344
41347
41355
41358
41361
41362
41379
41381
41390
41404
41408
41409
41410
41420
41424
41427
41442
41455
41456
41465
41466
41502
41503
41510
41511
41513
41518
41520
41524
41525
41527
41531
41532
41534
41536
41546
41549
41554
41560
41565
41570
41572
41587
41597
41598
41602
41609
41615
41621
41623
41628
41642
41646
41647
41652
41658
41665
41667
41670
41673
41677
41680
41684
41690
41700
41701
41704
41709
41718
41721
41725
41726
41731
41738
41741
41743
41759
41763
41765
41769
41771
41781
41782
41784
41786
41791
41798
41802
41804
41805
41806
41809
41810
41815
41817
41818
41820
41824
41828
41845
41848
41853
41858
41873
41875
41876
41882
41883
41886
41889
41897
41901
41905
41906
41908
41910
41911
41912
41913
41915
41918
41928
41936
41939
41948
41953
41954
41959
41960
41964
41965
41971
41978
41981
41989
42000
42007
42019
42030
42031
42034
42036
42039
42040
42043
42046
42049
42053
42057
42058
42062
42063
42064
42068
42075
42082
42083
42088
42089
42101
42108
42110
42112
42114
42117
42118
42119
42125
42134
42137
42142
42148
42160
42165
42171
42176
42177
42179
42180
42183
42198
42201
42202
42207
42217
42219
42222
42230
42241
42247
42248
42250
42254
42257
42260
42262
42270
42272
42273
42278
42285
42286
42290
42296
42298
42308
42319
42322
42330
42337
42338
42339
42356
42359
42373
42380
42384
42392
42396
42410
42418
42423
42436
42439
42441
42446
42447
42449
42459
42464
42470
42472
42477
42482
42486
42496
42499
42503
42505
42510
42520
42521
42522
42523
42524
42526
42531
42539
42553
42557
42566
42567
42568
42569
42570
42573
42580
42585
42590
42593
42598
42607
42608
42611
42617
42626
42629
42646
42649
42650
42651
42655
42660
42664
42667
42672
42673
42681
42688
42696
42697
42700
42705
42710
42712
42716
42725
42727
42744
42746
42747
42748
42749
42750
42752
42760
42767
42769
42772
42777
42790
42795
42806
42809
42810
42813
42815
42827
42829
42831
42840
42842
42843
42845
42846
42848
42849
42851
42853
42855
42862
42864
42868
42871
42872
42875
42878
42881
42887
42899
42900
42902
42904
42913
42921
42928
42935
42947
42950
42951
42956
42959
42961
42968
42971
42982
42984
42987
42992
42993
43002
43003
43008
43011
43018
43020
43024
43031
43032
43033
43039
43047
43052
43059
43061
43064
43065
43072
43079
43087
43100
43104
43105
43107
43115
43119
43124
43127
43136
43138
43149
43153
43158
43169
43171
43172
43174
43176
43180
43186
43191
43199
43203
43205
43206
43208
43217
43220
43229
43230
43231
43232
43234
43245
43246
43257
43263
43270
43272
43274
43283
43284
43286
43287
43294
43295
43297
43299
43307
43315
43318
43321
43323
43325
43327
43334
43344
43348
43360
43371
43372
43373
43377
43379
43387
43388
43389
43392
43394
43399
43400
43412
43416
43420
43421
43423
43424
43426
43428
43432
43437
43445
43449
43451
43456
43457
43458
43462
43470
43473
43475
43478
43493
43495
43497
43498
43500
43502
43503
43508
43522
43525
43526
43527
43529
43532
43533
43544
43557
43561
43581
43587
43590
43592
43598
43601
43608
43615
43616
43621
43622
43625
43627
43628
43630
43631
43635
43636
43638
43642
43643
43653
43673
43679
43693
43705
43708
43710
43716
43720
43723
43725
43737
43742
43746
43749
43754
43765
43767
43771
43772
43779
43780
43782
43792
43794
43795
43797
43807
43810
43813
43818
43825
43832
43833
43847
43850
43862
43874
43876
43878
43881
43886
43892
43894
43903
43904
43914
43921
43922
43923
43928
43933
43934
43938
43948
43954
43956
43961
43963
43965
43969
43975
43976
43983
43986
43995
43996
43997
44001
44004
44012
44016
44017
44024
44032
44034
44039
44050
44053
44054
44063
44077
44082
44083
44085
44089
44090
44094
44098
44099
44108
44119
44138
44153
44154
44157
44162
44165
44168
44172
44174
44182
44199
44200
44203
44206
44209
44210
44211
44217
44219
44220
44238
44241
44248
44250
44256
44260
44261
44262
44263
44267
44270
44284
44288
44291
44296
44301
44314
44323
44324
44327
44329
44331
44333
44336
44338
44342
44353
44355
44359
44362
44364
44365
44367
44372
44379
44380
44384
44403
44404
44407
44409
44417
44420
44423
44424
44428
44436
44439
44445
44446
44447
44449
44465
44472
44481
44486
44495
44501
44503
44508
44513
44519
44522
44527
44531
44535
44540
44542
44544
44550
44554
44561
44563
44566
44569
44572
44578
44588
44589
44590
44608
44610
44613
44617
44630
44638
44643
44644
44650
44666
44674
44676
44677
44680
44683
44686
44697
44705
44709
44712
44715
44726
44728
44740
44743
44745
44749
44752
44767
44775
44777
44778
44779
44781
44783
44784
44799
44800
44805
44809
44817
44820
44835
44836
44839
44850
44851
44858
44861
44889
44890
44891
44902
44906
44907
44914
44916
44934
44938
44943
44946
44954
44959
44973
44974
44977
44978
44979
44980
44989
44994
44997
45006
45013
45014
45015
45018
45020
45021
45023
45027
45031
45036
45039
45046
45049
45050
45059
45060
45061
45067
45072
45082
45086
45087
45088
45098
45100
45104
45106
45117
45130
45132
45146
45147
45151
45154
45160
45161
45164
45167
45169
45170
45173
45176
45177
45188
45191
45193
45196
45205
45208
45216
45220
45223
45224
45227
45231
45232
45236
45240
45242
45246
45250
45257
45258
45260
45265
45268
45273
45274
45275
45283
45292
45302
45306
45314
45319
45323
45327
45328
45331
45334
45346
45349
45361
45362
45365
45368
45376
45381
45383
45385
45396
45402
45404
45416
45417
45425
45427
45429
45436
45437
45440
45442
45444
45455
45457
45459
45465
45467
45469
45470
45474
45476
45478
45484
45493
45494
45495
45497
45501
45502
45505
45510
45517
45518
45519
45522
45523
45525
45527
45530
45531
45532
45536
45546
45551
45555
45559
45569
45570
45574
45576
45581
45592
45596
45600
45603
45607
45611
45617
45622
45631
45640
45644
45646
45647
45652
45654
45662
45669
45675
45679
45683
45693
45696
45697
45707
45711
45737
45738
45753
45764
45768
45773
45791
45793
45802
45808
45809
45816
45819
45825
45827
45844
45845
45854
45859
45860
45861
45869
45870
45878
45880
45882
45883
45886
45888
45893
45897
45899
45902
45903
45911
45912
45915
45916
45922
45932
45939
45942
45954
45960
45961
45967
45975
45991
45992
46004
46007
46012
46018
46020
46021
46030
46033
46035
46036
46037
46040
46041
46043
46049
46051
46052
46056
46073
46074
46079
46086
46091
46097
46105
46109
46120
46122
46124
46125
46131
46145
46156
46160
46169
46176
46190
46193
46204
46205
46206
46210
46213
46215
46216
46218
46219
46220
46223
46232
46237
46238
46241
46245
46247
46248
46251
46274
46279
46280
46292
46298
46301
46303
46309
46310
46313
46316
46329
46331
46338
46340
46350
46352
46355
46361
46362
46363
46387
46394
46395
46402
46403
46404
46407
46409
46411
46412
46413
46416
46421
46423
46424
46428
46429
46430
46431
46433
46436
46437
46438
46439
46442
46447
46450
46454
46456
46457
46472
46478
46480
46483
46484
46485
46486
46492
46497
46500
46503
46510
46516
46540
46542
46548
46550
46553
46557
46560
46568
46582
46584
46586
46590
46595
46603
46610
46612
46613
46615
46626
46630
46631
46636
46642
46643
46646
46648
46652
46653
46654
46657
46663
46670
46685
46686
46688
46694
46696
46701
46703
46705
46708
46723
46727
46731
46745
46749
46758
46760
46771
46772
46781
46782
46784
46789
46792
46793
46802
46808
46821
46832
46836
46846
46851
46855
46859
46860
46866
46870
46873
46881
46892
46894
46897
46916
46917
46921
46924
46926
46928
46929
46932
46934
46946
46949
46954
46956
46958
46962
46974
46979
46986
46995
46997
47001
47002
47004
47006
47010
47014
47020
47034
47035
47041
47050
47057
47072
47077
47078
47081
47082
47084
47086
47088
47091
47094
47107
47112
47114
47117
47121
47122
47126
47129
47131
47140
47142
47148
47162
47173
47181
47183
47184
47185
47206
47210
47211
47212
47213
47217
47218
47220
47222
47227
47229
47231
47243
47254
47256
47258
47270
47289
47300
47302
47315
47317
47318
47321
47322
47331
47335
47341
47343
47354
47362
47371
47380
47381
47382
47385
47386
47389
47390
47397
47400
47404
47408
47409
47411
47426
47427
47431
47433
47436
47437
47444
47450
47453
47455
47456
47457
47460
47469
47477
47479
47481
47487
47490
47504
47516
47519
47520
47523
47524
47527
47545
47549
47555
47557
47560
47566
47568
47571
47583
47587
47588
47591
47593
47595
47597
47598
47601
47602
47609
47610
47612
47616
47617
47619
47620
47624
47625
47626
47627
47638
47656
47665
47669
47682
47683
47684
47685
47695
47701
47704
47708
47718
47724
47730
47733
47735
47740
47746
47747
47749
47750
47760
47761
47762
47770
47778
47781
47783
47790
47802
47804
47806
47808
47812
47813
47815
47821
47826
47833
47834
47835
47850
47853
47856
47859
47867
47870
47878
47879
47882
47887
47888
47897
47899
47909
47916
47917
47920
47925
47926
47940
47951
47958
47961
47967
47968
47969
47976
47977
47982
47992
47999
48001
48004
48008
48010
48014
48016
48017
48025
48029
48040
48044
48058
48068
48070
48078
48087
48090
48091
48092
48098
48105
48112
48117
48123
48134
48138
48139
48141
48144
48146
48147
48152
48154
48155
48162
48166
48181
48182
48183
48187
48189
48191
48196
48217
48218
48219
48225
48235
48242
48252
48258
48260
48262
48273
48275
48278
48281
48284
48288
48296
48302
48304
48310
48314
48318
48320
48332
48341
48343
48347
48349
48355
48357
48367
48369
48375
48376
48378
48388
48391
48403
48410
48411
48417
48419
48425
48431
48432
48436
48440
48444
48450
48452
48457
48469
48472
48473
48476
48478
48479
48487
48499
48511
48513
48516
48521
48525
48526
48530
48531
48551
48562
48576
48584
48588
48590
48592
48602
48609
48611
48614
48616
48619
48626
48628
48633
48636
48646
48650
48651
48653
48673
48677
48686
48691
48694
48703
48704
48705
48709
48716
48721
48723
48727
48740
48759
48760
48762
48763
48767
48774
48775
48791
48797
48798
48801
48803
48811
48813
48815
48829
48830
48840
48841
48843
48844
48846
48848
48850
48855
48856
48869
48876
48878
48880
48881
48884
48885
48887
48897
48898
48900
48908
48929
48931
48936
48937
48939
48941
48943
48952
48953
48958
48960
48963
48976
48980
48984
48986
48994
48999
49000
49004
49008
49011
49014
49019
49023
49043
49046
49051
49055
49068
49075
49076
49091
49093
49094
49101
49102
49109
49110
49114
49121
49122
49125
49130
49138
49144
49146
49150
49157
49158
49162
49171
49185
49186
49192
49193
49199
49204
49207
49215
49217
49218
49219
49221
49227
49245
49247
49254
49264
49266
49267
49271
49274
49277
49284
49297
49300
49304
49308
49310
49315
49321
49327
49331
49335
49338
49350
49352
49354
49356
49359
49361
49366
49369
49372
49373
49375
49383
49384
49386
49389
49390
49398
49404
49427
49430
49437
49440
49443
49454
49456
49470
49472
49475
49481
49484
49485
49499
49503
49512
49515
49522
49533
49541
49545
49546
49551
49552
49554
49562
49567
49571
49574
49577
49583
49586
49591
49597
49605
49607
49609
49611
49634
49638
49640
49648
49652
49654
49657
49661
49673
49674
49675
49676
49687
49688
49691
49703
49704
49705
49707
49716
49718
49720
49723
49732
49733
49752
49754
49758
49759
49761
49763
49770
49773
49783
49788
49801
49813
49815
49818
49821
49822
49826
49836
49838
49844
49846
49860
49863
49865
49866
49868
49879
49892
49896
49897
49900
49904
49932
49933
49934
49935
49945
49947
49951
49952
49960
49962
49967
49971
49973
49986
49990
49994
49996
